0 car 856.50 379.96 584.50 386.60 2.2403 5.3678 2.44
1 car 643.30 461.12 285.42 156.23 0.7881 10.1912 2.38
2 car 430.52 448.43 91.07 66.49 -5.0962 25.0330 2.06
3 car 2.56 464.48 64.41 65.88 -12.9540 22.5317 1.17
4 car 387.11 444.71 67.60 57.86 -7.8466 30.7185 1.73
5 car 524.02 392.86 263.87 169.45 -0.6564 14.9185 3.34
6 car 24.03 451.57 79.60 66.30 -14.6881 26.4658 1.63
7 car 858.57 408.84 202.21 96.92 5.0300 24.9819 3.53
8 car 581.62 387.32 171.61 38.88 7.1004 -128.9835 -15.84
9 car 838.86 386.16 86.36 43.14 33.8539 287.6436 -1.10
