0 car 114.66 455.86 100.04 63.07 -12.0410 25.8519 2.33
1 car 353.36 470.84 227.34 120.18 -2.5320 12.6868 2.46
2 car 55.00 452.82 79.64 56.94 -15.4618 29.1644 1.82
3 car 526.61 434.07 406.66 220.49 0.3067 8.6194 2.91
4 car 541.27 427.60 169.53 66.72 -2.8553 33.3489 4.80
5 car 228.00 429.47 201.42 125.20 -5.4604 17.0040 3.05
6 car 512.38 405.21 90.23 39.56 -30.8886 205.8711 24.86
7 car 860.93 411.66 533.94 189.92 4.0896 11.4941 4.36
8 car 380.92 419.04 169.38 59.06 -11.9669 53.1873 8.51
9 car 576.94 427.17 131.62 30.08 -6.3665 83.6734 10.51
