0 car 561.09 465.53 260.44 142.11 -0.0322 10.9369 2.42
1 car 346.39 451.67 92.40 66.86 -6.7787 24.7204 2.05
2 car 756.40 404.67 565.76 314.16 1.9807 6.3443 2.82
3 car 444.84 399.48 232.36 162.32 -1.9102 15.4247 3.12
4 car 300.83 448.20 67.76 59.57 -9.5722 29.2335 1.64
5 car 609.15 411.60 168.19 59.43 -1.6550 49.9138 7.04
6 car 1196.95 407.06 237.75 202.65 5.3208 10.1508 1.52
7 car 766.63 427.43 172.11 71.60 2.9518 26.5930 3.51
8 car 745.52 392.31 83.05 42.38 10.7816 269.2077 12.93
9 car 816.28 414.48 133.09 29.05 12.0608 97.9896 6.77
