0 car 389.87 451.13 92.80 64.32 -6.0371 25.3662 2.10
1 car 806.56 389.10 627.02 350.26 2.2473 5.8402 2.83
2 car 600.75 464.73 274.03 147.14 0.3793 10.6454 2.43
3 car 344.41 447.43 65.69 57.42 -8.7960 30.2095 1.70
4 car 2.71 454.02 56.03 66.25 -14.9971 25.8123 1.12
5 car 484.25 433.99 193.70 127.18 -1.6438 15.3528 2.56
6 car 649.33 406.48 171.45 60.76 0.2127 51.4185 7.38
7 car 866.60 411.22 139.71 30.80 13.7535 82.5894 4.98
8 car 789.63 389.30 90.91 41.45 23.8778 300.2114 6.91
9 car 816.01 413.91 188.34 85.80 4.0241 25.6062 3.42
10 car 1378.08 452.06 62.92 182.69 4.8478 7.8275 0.31
