0 car 1126.27 394.17 274.01 110.41 8.5579 18.5859 2.68
1 car 4.36 447.15 128.47 147.61 -7.0379 13.1110 1.36
2 car 619.01 442.57 95.15 70.99 -1.0484 23.7854 1.86
3 car 858.12 460.85 396.23 210.19 2.3985 7.5400 2.30
4 car 181.75 456.31 76.51 69.93 -9.7604 23.2248 1.47
5 car 116.56 460.14 88.71 90.57 -8.4794 18.1715 1.29
6 car 576.84 437.94 67.89 62.49 -2.7698 29.1388 1.57
7 car 1193.04 473.76 245.38 313.93 2.8709 5.0602 0.91
8 car 714.42 382.15 295.76 197.30 1.6823 12.5916 2.95
9 car 223.25 445.03 75.99 66.15 -10.8818 28.0440 1.81
10 car 905.14 393.52 207.48 71.82 9.5020 40.8322 4.60
