0 car 940.64 403.85 226.14 105.35 6.5243 23.3403 3.32
1 car 715.17 462.34 309.36 169.10 1.4011 9.3554 2.29
2 car 497.76 448.06 91.98 66.51 -3.6320 24.7423 2.02
3 car 954.74 391.28 486.26 425.83 2.1985 4.6602 1.75
4 car 454.75 442.04 66.55 60.67 -5.9302 29.9244 1.67
5 car 102.02 449.88 71.11 65.92 -13.0411 26.6466 1.68
6 car 62.87 463.00 74.32 66.66 -11.6692 22.4472 1.39
7 car 591.54 399.51 283.85 164.72 0.3166 14.3550 3.39
8 car 11.67 465.11 78.84 85.63 -10.1357 18.1252 1.10
9 car 671.07 385.35 110.83 34.75 1.0672 -220.8166 -20.48
