0 car 1146.35 394.36 280.78 110.10 8.8761 18.4357 2.67
1 car 874.58 462.06 410.02 214.58 2.5264 7.4044 2.35
2 car 2.82 448.82 137.11 147.12 -6.8529 12.8493 1.44
3 car 629.14 442.84 97.10 73.20 -0.7964 22.8418 1.78
4 car 120.91 461.57 95.07 90.10 -8.2489 17.9887 1.43
5 car 1219.55 516.20 219.37 284.03 2.7850 4.7838 0.76
6 car 188.32 456.94 81.06 70.81 -9.2881 22.6469 1.64
7 car 589.06 439.79 66.25 61.40 -2.4105 28.5313 1.53
8 car 724.86 385.69 315.14 194.94 1.8576 12.2684 3.06
9 car 234.80 446.38 75.62 67.17 -10.2781 27.1984 1.76
10 car 911.58 395.19 216.65 71.00 9.3840 38.6662 4.58
