0 car 756.22 460.66 333.93 179.80 1.7562 8.8029 2.34
1 car 1001.31 401.09 235.90 99.63 7.3747 21.9672 3.06
2 car 1011.86 389.76 418.13 379.74 2.5686 5.3575 1.69
3 car 2.56 448.47 59.37 141.16 -7.5609 13.3061 0.57
4 car 535.33 445.20 92.70 69.08 -2.8012 24.3737 1.97
5 car 39.47 459.51 89.14 90.84 -9.7130 18.2674 1.27
6 car 100.75 459.15 76.81 69.27 -11.1820 22.9015 1.43
7 car 493.94 441.28 64.61 59.31 -5.0170 30.3396 1.68
8 car 630.34 390.05 256.05 178.30 0.6023 13.8437 2.90
9 car 138.13 449.78 76.45 65.28 -12.5252 27.2692 1.73
10 car 806.88 400.63 186.68 65.10 6.3190 44.6400 5.46
