0 car 904.35 383.37 536.65 404.96 2.2299 5.0366 2.09
1 car 671.94 461.06 289.27 161.77 1.0110 9.8126 2.28
2 car 456.33 448.56 92.49 66.45 -4.5082 24.8095 2.04
3 car 24.01 463.08 73.71 69.56 -12.1474 21.9958 1.34
4 car 552.81 395.17 242.06 167.82 -0.4068 14.7267 3.03
5 car 413.24 444.97 67.63 57.92 -6.9836 29.9561 1.68
6 car 5.04 458.20 45.94 91.69 -10.5764 18.3101 0.63
7 car 60.43 453.88 73.11 63.41 -13.8386 26.3946 1.64
8 car 870.34 387.59 90.91 40.15 43.1828 293.7650 -9.26
9 car 888.02 408.82 213.13 86.88 5.9588 25.9832 3.67
10 car 718.01 403.72 181.91 62.19 3.2754 49.7108 6.89
11 car 934.66 405.30 163.58 34.98 18.1057 76.9987 3.65
