0 car 772.29 396.30 589.33 327.61 2.0812 6.2086 2.85
1 car 360.10 450.26 92.20 66.55 -6.6444 25.2640 2.10
2 car 574.81 467.73 267.05 140.34 0.0953 10.9028 2.41
3 car 460.41 398.64 234.40 161.85 -1.7165 15.4861 3.12
4 car 318.02 446.67 64.67 60.31 -9.1041 29.0950 1.63
5 car 620.20 409.76 174.78 60.23 -1.0102 50.3740 7.44
6 car 1244.30 405.61 195.04 185.49 5.7230 10.4729 1.26
7 car 758.25 390.27 93.37 43.96 13.2433 242.4870 11.69
8 car 834.92 413.40 136.66 31.87 12.4196 89.0871 5.96
9 car 780.55 422.54 171.28 80.95 3.0925 24.9904 3.27
