0 car 1032.33 399.42 251.25 100.93 7.6553 20.6303 3.03
1 car 1059.68 390.39 379.98 378.25 2.7428 5.4645 1.54
2 car 64.17 460.56 87.53 88.83 -9.4104 18.4138 1.29
3 car 785.29 460.80 352.22 185.65 1.9927 8.5237 2.38
4 car 559.04 443.24 93.00 68.37 -2.3558 24.7444 1.98
5 car 2.45 436.88 81.60 152.76 -7.4438 13.3919 0.92
6 car 122.79 456.98 79.35 69.66 -10.9979 23.3981 1.47
7 car 655.20 385.45 277.78 183.53 0.9944 13.5930 3.04
8 car 520.55 439.27 63.53 60.85 -4.2792 29.9652 1.65
9 car 161.80 445.39 80.96 67.53 -12.1635 27.9291 2.04
10 person 80.30 368.39 37.36 91.13 -69.0897 129.0927 4.11
11 car 832.33 397.59 192.99 66.80 7.3446 44.0048 5.40
