0 car 1073.69 394.92 260.65 107.12 8.2702 20.1564 2.92
1 car 584.24 441.92 92.28 69.72 -1.8061 24.4689 1.94
2 car 814.19 460.09 370.95 193.17 2.1902 8.1542 2.38
3 car 5.06 445.58 98.92 144.73 -7.3032 13.2972 1.03
4 car 1108.96 426.01 329.84 338.75 2.9022 5.5633 1.34
5 car 85.94 458.83 87.86 90.03 -9.0587 18.3867 1.29
6 car 152.51 455.65 71.13 71.27 -10.2478 23.0413 1.45
7 car 678.86 382.59 276.60 189.38 1.2414 13.2130 2.93
8 car 189.53 443.10 76.27 68.51 -11.7557 28.2251 1.82
9 car 544.14 437.41 63.14 61.15 -3.7636 30.5499 1.67
10 car 867.52 395.00 195.17 67.36 8.6476 44.0369 5.02
11 car 1023.72 375.27 94.79 44.20 70.2220 254.3800 -33.27
