0 car 4.61 447.19 108.41 144.37 -7.1994 13.2048 1.14
1 car 1091.82 395.19 261.43 107.35 8.3894 19.6886 2.81
2 car 594.56 442.35 94.88 69.74 -1.5843 24.3542 1.93
3 car 830.51 458.93 376.57 197.67 2.2715 8.0197 2.33
4 car 93.35 458.19 92.36 91.90 -8.9453 18.5437 1.47
5 car 1132.07 442.94 306.17 320.06 2.9149 5.4532 1.23
6 car 688.01 380.10 292.89 193.17 1.4374 13.0408 3.09
7 car 556.07 435.94 64.65 62.50 -3.4334 30.3634 1.65
8 car 158.53 458.40 78.28 66.65 -10.3762 23.5797 1.49
9 car 199.61 439.04 79.82 72.72 -11.4943 28.1732 1.82
10 car 873.92 395.16 206.60 67.33 9.1216 44.4001 5.18
11 car 1383.60 379.73 56.05 75.19 16.7329 28.8435 0.24
12 car 1037.55 374.47 97.74 45.31 58.6126 202.7057 -19.83
