0 car 618.39 414.79 459.45 263.64 1.0647 7.6195 2.84
1 car 440.27 470.57 239.08 128.20 -1.4353 11.9365 2.40
2 car 216.04 458.32 95.31 63.78 -9.4077 24.5102 2.02
3 car 169.21 454.65 68.76 56.07 -12.6004 28.7655 1.58
4 car 320.79 409.50 232.15 150.87 -3.6634 15.9878 3.28
5 car 606.44 405.00 90.30 38.58 -11.7471 166.7378 16.10
6 car 635.00 425.96 176.28 77.81 -0.0138 28.1515 4.07
7 car 475.18 419.40 174.59 58.93 -6.6232 47.0177 7.61
8 car 312.69 432.72 70.27 48.88 -18.2562 57.1251 4.08
9 truck 990.64 395.66 448.13 216.68 4.3633 10.0200 3.08
10 car 993.93 405.80 442.16 204.78 4.4481 10.1656 3.11
