0 car 1053.01 396.38 256.88 103.62 7.9799 20.5376 2.94
1 car 4.95 444.52 89.98 144.17 -7.4150 13.3910 0.92
2 car 572.07 442.43 93.47 69.59 -2.0702 24.6028 1.96
3 car 1082.60 399.79 356.54 374.73 2.7257 5.2849 1.41
4 car 803.74 460.00 358.29 189.13 2.0882 8.3378 2.32
5 car 80.23 459.05 82.07 89.48 -9.2416 18.5693 1.31
6 car 138.19 456.82 74.71 68.55 -10.8086 23.6398 1.49
7 car 665.55 383.90 278.77 186.75 1.1057 13.4536 3.00
8 car 532.15 438.11 63.69 59.97 -4.0990 30.7354 1.69
9 car 174.28 442.66 82.26 70.00 -12.0215 28.2747 2.07
10 car 850.13 396.36 199.04 66.98 8.1753 45.0370 5.29
