0 car 655.47 463.36 295.69 156.65 0.9269 10.0430 2.42
1 car 443.52 447.73 91.89 66.90 -4.8660 25.2436 2.08
2 car 881.74 382.97 559.26 391.76 2.2454 5.2409 2.26
3 car 400.48 442.92 66.97 60.17 -7.3417 30.0980 1.69
4 car 10.47 463.86 70.27 67.99 -12.5524 22.2614 1.36
5 car 32.88 448.19 86.93 69.92 -14.1688 26.0871 1.84
6 car 538.99 398.89 271.58 163.67 -0.4027 14.8307 3.43
7 car 873.25 410.93 210.88 88.59 5.5596 25.5959 3.70
8 car 856.78 388.14 84.44 40.56 38.5202 290.4762 -4.55
9 car 922.40 407.06 161.01 31.28 18.5407 82.7036 3.84
