0 car 1111.09 395.23 261.76 108.78 8.5138 19.2229 2.70
1 car 609.36 442.51 90.68 70.50 -1.2490 23.8921 1.88
2 car 4.28 444.90 117.52 147.44 -7.0955 13.1135 1.24
3 car 841.97 461.05 390.72 201.61 2.3559 7.7831 2.38
4 car 106.13 457.79 88.32 90.41 -8.8181 18.5328 1.31
5 car 1159.20 450.11 279.66 331.09 2.8426 5.1752 1.05
6 car 700.08 384.84 298.07 190.16 1.5503 12.8175 3.02
7 car 566.84 437.69 65.83 61.61 -3.0846 29.7341 1.61
8 car 174.10 457.72 72.42 67.21 -10.0450 23.5299 1.49
9 car 211.46 443.35 79.00 68.09 -11.1872 28.1097 1.81
10 car 883.23 394.47 212.43 70.87 9.0897 41.7197 5.09
