0 car 827.56 390.00 613.16 357.62 2.2768 5.6840 2.71
1 car 617.11 465.50 281.24 146.65 0.5683 10.5332 2.48
2 car 402.07 449.77 91.68 65.21 -5.7530 25.2686 2.09
3 car 497.94 396.79 239.57 164.50 -1.1985 15.2119 3.05
4 car 358.52 445.35 67.42 57.94 -8.5343 30.5422 1.72
5 car 5.24 448.01 67.78 70.81 -15.0310 26.1478 1.37
6 car 833.15 411.96 189.35 89.31 4.5585 26.6811 3.48
7 car 801.41 390.06 92.11 41.95 24.7113 274.8320 5.54
8 car 1301.69 393.90 139.31 106.92 9.7959 17.7030 1.06
9 car 668.40 406.73 166.94 60.80 0.8279 50.6052 6.72
