0 car 1016.75 399.83 246.77 102.34 7.4058 20.9382 3.02
1 car 1038.66 381.34 398.54 389.50 2.6574 5.3846 1.60
2 car 774.62 460.64 338.95 182.10 1.8729 8.6838 2.30
3 car 55.85 456.32 85.15 94.41 -9.4519 18.2508 1.28
4 car 547.61 444.04 94.20 69.25 -2.5710 24.5546 1.97
5 car 114.59 458.11 75.31 69.38 -11.0330 23.1412 1.45
6 car 3.82 427.72 70.25 160.07 -7.5400 13.4863 0.81
7 car 506.87 440.35 64.91 61.02 -4.5800 29.7009 1.64
8 car 638.46 386.01 284.73 182.87 0.8601 13.6436 3.18
9 car 155.59 449.66 74.37 64.18 -12.0931 27.2009 1.73
10 car 819.09 397.89 190.37 67.05 7.1115 45.7843 5.70
