0 car 2.87 461.01 37.21 111.41 -9.1687 15.7920 0.41
1 car 22.06 460.43 81.28 89.52 -9.9899 18.2828 1.27
2 car 732.27 463.48 319.59 169.15 1.5571 9.2150 2.32
3 car 977.05 385.26 463.95 426.41 2.2715 4.7194 1.69
4 car 509.01 447.01 93.13 68.04 -3.3341 24.3269 1.97
5 car 961.87 403.99 231.87 98.54 6.9056 22.8878 3.31
6 car 75.95 460.43 73.78 66.98 -11.8300 23.2247 1.44
7 car 469.62 442.68 64.28 59.24 -5.5188 29.7385 1.65
8 car 113.25 448.39 77.54 67.31 -12.9535 26.9796 1.70
9 car 604.46 392.36 320.17 172.78 0.7008 14.0979 3.76
10 car 927.57 383.61 92.78 42.99 38.7534 196.3682 -5.22
