0 car 230.21 458.30 93.12 64.35 -8.9737 24.1443 1.99
1 car 453.05 470.83 235.73 130.12 -1.2719 11.6919 2.34
2 car 632.11 416.71 465.66 265.27 1.1693 7.4734 2.83
3 car 180.43 454.29 73.89 57.31 -11.9917 28.2704 1.82
4 car 625.19 404.79 87.53 38.86 -9.3020 159.4715 13.14
5 car 333.11 410.53 251.82 150.00 -3.3478 15.9130 3.54
6 car 649.70 425.08 174.73 76.28 0.3347 27.9015 3.99
7 car 1005.53 411.18 435.47 205.03 4.4142 9.9324 2.97
8 truck 1000.62 401.67 437.01 214.25 4.4624 10.1592 3.04
9 car 490.73 420.22 173.00 55.89 -6.4256 50.0291 8.10
