0 car 3.83 450.49 47.29 133.87 -7.9440 13.8767 0.48
1 car 741.67 461.71 329.12 174.86 1.6402 9.0104 2.34
2 car 522.73 444.96 92.82 69.49 -3.0775 24.4992 1.98
3 car 981.29 403.20 241.30 98.35 7.2442 22.4732 3.30
4 car 998.69 384.14 442.31 402.81 2.4552 5.0585 1.72
5 car 89.18 459.68 74.02 69.54 -11.2810 22.6599 1.41
6 car 34.18 460.17 80.66 90.48 -9.7972 18.2723 1.27
7 car 127.33 446.39 74.46 69.03 -12.6109 26.9324 1.70
8 car 481.82 443.70 62.01 58.24 -5.1841 29.5831 1.64
9 car 1393.52 690.91 47.48 148.28 2.8631 4.2801 0.13
10 car 615.21 390.54 275.39 172.79 0.5440 14.3766 3.25
