0 car 493.39 470.45 243.17 134.38 -0.7934 11.3814 2.36
1 car 275.19 456.62 90.39 64.68 -8.0875 24.2251 2.00
2 car 675.71 413.69 496.57 278.96 1.4818 7.1120 2.84
3 car 1078.83 407.23 359.83 212.33 4.6149 9.7124 2.33
4 car 225.31 453.24 70.68 58.56 -10.8285 28.0322 1.81
5 car 690.62 420.78 183.69 85.41 1.3534 26.3809 3.89
6 car 375.27 421.53 211.00 139.03 -3.0039 15.7157 2.93
7 car 672.64 401.28 80.73 39.29 -3.3331 175.5169 12.92
8 bus 59.83 424.83 72.17 52.14 -32.4296 60.8973 4.03
9 car 369.11 432.01 69.23 46.99 -15.3040 55.4310 3.38
10 car 539.93 416.81 168.44 58.90 -4.2600 47.0254 6.95
11 car 1064.00 406.65 153.26 26.43 24.3224 71.4287 0.17
