0 car 44.76 460.09 269.35 161.13 -5.0689 11.5326 2.46
1 car 425.84 452.84 77.13 73.79 -5.2277 24.2841 1.45
2 car 1001.54 451.74 263.99 161.15 4.0545 10.9855 2.20
3 car 280.21 443.90 167.28 116.03 -5.1138 17.3957 2.34
4 car 897.83 441.39 144.36 108.24 3.8109 17.4944 1.93
5 car 483.38 453.80 65.63 58.13 -5.1649 29.7053 1.54
6 car 846.39 448.92 66.16 62.16 3.6561 27.5373 1.32
7 car 825.73 439.53 62.89 58.21 3.8922 34.6293 1.65
8 car 3.52 493.45 52.34 171.53 -4.8900 8.8285 0.36
9 car 1295.84 358.95 141.94 70.83 348.9090 579.3809 647.30
