0 car 3.36 453.10 176.18 152.42 -6.3952 12.4164 1.82
1 car 685.39 446.54 98.09 74.69 0.2881 22.3873 1.70
2 car 154.15 459.80 105.82 97.22 -7.5583 17.7400 1.57
3 car 949.72 465.19 484.07 248.68 2.8441 6.4305 2.36
4 car 235.20 461.54 80.20 72.07 -8.3204 22.4572 1.63
5 car 642.33 443.06 67.88 61.30 -1.1409 28.7221 1.50
6 car 1235.07 393.29 205.93 118.74 9.1583 17.4096 1.79
7 car 787.63 388.98 298.13 203.74 2.3042 11.6281 2.67
8 car 1393.52 610.80 47.48 215.92 2.9773 4.4805 0.13
9 car 284.63 450.50 79.35 66.51 -9.1566 27.2545 1.76
10 car 987.86 395.24 220.51 79.19 10.7115 34.2760 3.90
