0 car 3.17 457.93 217.52 196.97 -4.5609 9.3356 1.60
1 car 952.73 452.03 194.95 124.41 4.0206 13.8098 2.04
2 car 196.55 458.36 184.27 120.09 -5.2352 14.8555 2.23
3 car 354.39 441.38 127.92 100.41 -5.2748 20.9363 2.13
4 car 462.86 448.62 60.53 66.12 -5.4257 28.4682 1.47
5 car 874.99 441.34 114.79 92.81 3.7393 20.4616 1.78
6 car 502.89 450.85 59.41 52.58 -5.6107 34.3427 1.49
7 car 1375.27 553.95 65.73 246.35 3.2971 5.1047 0.24
8 car 812.50 436.59 59.00 55.54 3.6794 38.3346 1.53
9 car 1210.15 360.28 227.97 96.83 29.5713 59.9799 1.79
