0 car 410.45 450.90 84.93 78.80 -5.2340 23.4228 1.60
1 car 5.06 464.55 287.96 170.06 -4.8255 10.4592 2.40
2 car 1022.56 451.98 298.45 174.21 4.0289 9.9968 2.23
3 car 250.57 440.97 181.25 124.69 -5.1069 16.5078 2.49
4 car 889.55 449.24 48.62 75.41 3.8478 23.5780 0.75
5 car 908.77 432.65 157.63 121.51 3.8734 16.6695 1.96
6 car 474.52 451.83 70.27 60.46 -5.2639 29.7165 1.79
7 car 849.91 445.73 72.51 66.26 3.7936 27.0674 1.51
8 car 832.13 437.61 64.55 60.72 4.0044 33.9292 1.62
9 car 1325.56 360.89 113.48 62.94 403.2471 659.8217 942.21
