0 car 4.92 452.40 160.74 151.65 -6.6102 12.7440 1.76
1 car 1205.46 393.57 233.67 115.34 9.6831 18.9514 2.17
2 car 663.29 444.81 95.72 73.60 -0.1529 23.4288 1.80
3 car 919.49 462.23 466.30 235.03 2.7810 6.8814 2.43
4 car 142.48 460.98 101.24 93.25 -7.9697 18.2591 1.62
5 car 1318.55 558.11 122.45 277.09 2.8021 4.4046 0.40
6 car 220.64 459.45 78.63 71.29 -8.9334 23.0607 1.46
7 car 265.99 450.75 80.01 65.33 -9.6406 27.7260 2.05
8 car 622.13 438.93 66.13 65.06 -1.6513 29.0343 1.53
9 car 766.00 383.64 325.02 206.93 2.2939 12.0111 3.04
10 car 959.25 394.86 208.19 76.10 10.7588 38.5530 4.06
