0 car 695.09 446.92 98.45 74.64 0.4707 22.2864 1.69
1 car 2.55 453.08 182.39 155.21 -6.2655 12.2574 1.91
2 car 161.00 460.41 109.21 96.69 -7.4504 17.7277 1.57
3 car 964.51 465.43 473.70 255.88 2.8370 6.2705 2.25
4 car 245.56 462.06 78.74 71.88 -8.1137 22.1830 1.41
5 car 288.67 448.71 85.59 68.99 -8.9297 27.1954 2.01
6 car 654.35 442.55 65.57 63.63 -0.8072 27.7251 1.44
7 car 801.97 385.19 318.47 210.71 2.4863 11.3360 2.76
8 car 995.12 395.77 232.09 81.22 10.7392 33.2562 3.92
9 car 1248.33 392.09 192.10 117.49 9.3934 17.6278 1.69
