0 car 1186.51 394.46 248.96 112.02 9.3712 18.7719 2.31
1 car 905.12 462.62 444.39 228.32 2.7110 7.0982 2.41
2 car 3.24 451.69 151.47 150.55 -6.6840 12.7477 1.65
3 car 652.19 444.73 95.77 72.59 -0.3853 23.8376 1.84
4 car 138.03 460.35 96.75 93.41 -8.1229 18.2763 1.46
5 car 206.05 459.08 83.29 71.03 -9.2477 23.3708 1.69
6 car 752.86 385.65 293.15 199.91 2.0491 12.2735 2.85
7 car 613.01 440.42 64.42 62.55 -1.9196 29.6159 1.57
8 car 257.17 448.22 76.78 66.40 -10.1442 28.2138 1.83
9 car 1287.96 538.63 153.04 286.51 2.8044 4.5209 0.51
10 car 946.12 394.69 208.67 74.81 10.6908 39.9567 4.25
11 car 1106.12 375.43 103.23 44.42 90.7113 260.6490 -57.38
