0 car 75.65 462.14 252.64 152.98 -4.9824 11.9005 2.45
1 car 991.61 453.49 250.33 153.46 3.9895 11.2133 2.17
2 car 433.63 454.40 71.95 72.55 -5.0658 24.2727 1.46
3 car 892.55 442.28 139.53 107.79 3.6699 17.5456 1.80
4 car 295.34 446.38 157.84 113.30 -5.0626 17.7127 2.24
5 car 487.16 455.27 66.11 57.85 -4.9865 29.2485 1.51
6 car 3.76 473.37 89.05 183.28 -5.0262 9.2589 0.60
7 car 879.77 453.23 43.11 70.59 3.7045 23.9471 0.76
8 car 844.88 451.19 63.10 60.07 3.6229 27.5530 1.32
9 car 824.27 442.31 59.72 57.50 3.6015 33.5407 1.34
10 car 1392.19 393.08 48.81 85.07 20.8839 35.9839 0.44
