0 car 1164.72 394.56 266.72 108.86 9.6038 19.6970 2.59
1 car 3.62 451.13 143.28 148.36 -6.8772 13.0060 1.57
2 car 885.52 458.78 426.57 224.84 2.5899 7.2818 2.37
3 car 640.32 442.03 96.03 74.24 -0.6419 24.2673 1.88
4 car 132.92 461.98 92.71 88.39 -8.5395 18.9974 1.52
5 car 203.25 460.65 75.14 68.14 -9.5314 23.6834 1.50
6 car 742.60 381.16 334.54 203.17 2.1700 12.4689 3.28
7 car 600.69 438.70 66.88 62.96 -2.2845 30.2704 1.61
8 car 243.95 449.50 78.96 64.08 -10.8128 29.1379 1.89
9 car 1250.90 524.65 187.87 285.85 2.8129 4.7059 0.64
10 car 1097.42 374.54 104.36 45.19 83.6737 245.1909 -47.47
11 car 925.91 394.82 217.89 73.60 10.7746 42.4863 4.77
