0 car 968.12 457.42 211.38 134.93 3.9182 12.4067 2.03
1 car 449.97 455.72 67.37 69.32 -4.9627 24.8729 1.28
2 car 156.50 465.07 206.74 128.64 -4.9922 13.3167 2.21
3 car 4.63 466.46 169.58 180.35 -4.9990 9.7961 1.27
4 car 882.68 446.98 123.82 97.83 3.6083 18.4521 1.76
5 car 497.63 456.62 60.90 55.18 -4.7999 29.6558 1.54
6 car 329.15 447.17 143.18 105.20 -4.9714 18.9113 2.24
7 car 817.61 442.75 59.61 56.68 3.4222 33.6374 1.35
8 car 839.28 453.36 55.07 59.50 3.3898 27.6631 1.11
9 car 1239.11 362.93 201.00 82.27 107.8239 218.6402 -82.38
