0 car 5.28 452.47 185.05 158.16 -6.1544 12.1035 1.88
1 car 986.15 463.12 453.20 268.24 2.8244 6.0772 2.09
2 car 704.10 448.52 100.62 74.33 0.7225 21.6483 1.81
3 car 169.61 460.59 106.39 99.37 -7.1778 17.3956 1.55
4 car 663.37 442.84 68.41 64.00 -0.5782 27.2073 1.41
5 car 251.65 463.64 79.70 71.39 -7.8975 21.9115 1.39
6 car 297.41 449.82 85.07 68.36 -8.5860 26.7664 1.98
7 car 1011.81 394.52 232.52 85.45 10.6776 31.6124 3.71
8 car 808.12 387.07 300.32 212.14 2.4508 11.0737 2.61
9 car 1285.17 394.32 155.83 110.94 9.8877 18.0725 1.30
