0 car 88.97 463.52 245.47 150.01 -4.8692 11.8329 2.34
1 car 435.41 453.92 72.99 72.67 -5.0288 24.2699 1.46
2 car 989.37 455.20 238.88 150.22 3.9464 11.4435 2.04
3 car 890.35 444.99 138.98 104.70 3.6394 17.5564 1.81
4 car 301.09 446.65 155.70 111.55 -4.9766 17.7123 2.24
5 car 3.78 471.11 104.20 182.36 -5.0019 9.3539 0.76
6 car 489.25 455.87 64.64 58.38 -4.8555 28.8106 1.49
7 car 841.96 451.84 61.98 59.68 3.5586 27.5833 1.32
8 car 822.73 441.02 60.56 58.63 3.6373 32.9254 1.58
9 car 1378.60 393.51 62.40 96.27 17.1388 29.5595 0.72
