0 car 1000.31 467.13 440.69 276.30 2.7860 5.8621 1.97
1 car 712.72 447.66 102.26 75.74 0.8778 21.5616 1.79
2 car 3.43 452.43 193.34 158.22 -6.1213 12.1015 1.99
3 car 669.68 442.79 72.47 65.85 -0.3066 26.6739 1.60
4 car 178.41 464.09 104.59 96.19 -7.0418 17.3793 1.55
5 car 261.90 462.80 79.20 72.21 -7.7855 22.1209 1.40
6 car 308.55 448.36 80.66 70.29 -8.3113 26.6936 1.97
7 car 822.60 389.08 328.02 213.28 2.6218 10.8057 2.70
8 car 1022.13 393.77 237.67 87.46 10.5210 30.3068 3.57
9 car 1198.55 373.25 107.14 51.60 52.8492 122.6251 -12.54
