0 car 929.42 455.43 80.78 95.91 3.8695 17.6479 1.11
1 car 1177.74 472.23 263.26 330.80 2.8820 5.1280 1.05
2 car 4.17 442.31 319.35 189.71 -4.7305 10.5216 2.68
3 car 413.86 457.80 93.77 72.61 -5.0657 23.4114 1.80
4 car 300.63 456.83 133.22 102.68 -5.0352 17.3986 1.91
5 car 874.63 451.52 88.29 79.64 3.5930 21.2313 1.35
6 car 965.39 436.30 241.00 171.32 3.6987 11.2258 2.10
7 car 842.52 440.77 75.37 69.22 3.7265 27.9179 1.56
8 person 1206.08 445.34 57.12 103.84 7.6365 17.3407 0.59
9 car 838.78 432.91 49.75 71.89 3.5847 30.7741 0.98
