0 car 672.74 446.29 100.49 72.66 0.1355 22.9950 1.95
1 car 928.88 464.81 501.04 242.69 2.8700 6.6686 2.54
2 car 5.13 451.83 168.92 156.52 -6.3444 12.2618 1.70
3 car 153.96 461.92 96.86 93.75 -7.7884 18.0789 1.44
4 car 1354.64 589.95 86.36 251.46 2.8230 4.3326 0.26
5 car 231.85 462.47 75.47 70.77 -8.5936 22.7507 1.44
6 car 631.35 440.99 67.99 63.69 -1.4171 28.8923 1.52
7 car 781.32 382.91 369.46 210.78 2.5784 11.6582 3.28
8 car 272.17 452.55 81.83 63.48 -9.4824 27.6868 2.05
9 car 1213.52 392.14 226.40 117.01 9.4534 18.3730 2.04
10 car 968.08 395.19 223.08 77.94 10.7168 36.3255 4.18
11 car 1141.82 373.29 100.30 47.72 67.7450 177.8845 -26.08
