0 car 428.86 453.06 76.32 74.32 -5.1650 24.2798 1.45
1 car 996.04 453.76 255.88 155.74 3.9867 11.0744 2.14
2 car 60.13 462.93 262.85 155.40 -5.0191 11.7503 2.51
3 car 289.00 444.95 162.14 114.65 -5.0332 17.5523 2.37
4 car 486.29 454.64 65.43 58.22 -5.0903 29.6956 1.54
5 car 894.73 442.89 144.97 106.98 3.7382 17.3538 1.92
6 car 3.80 486.46 70.45 175.27 -4.8881 8.9566 0.51
7 car 841.32 448.64 61.70 58.73 3.7327 29.2407 1.40
8 car 882.10 451.95 42.08 72.09 3.7904 24.2246 0.77
9 car 824.36 441.37 61.02 57.68 3.7944 34.0477 1.63
