0 car 413.34 449.85 83.31 78.74 -5.2436 23.7036 1.62
1 car 1015.91 450.26 289.41 170.40 4.0335 10.2874 2.21
2 car 3.15 463.72 294.82 168.15 -4.8265 10.5170 2.50
3 car 257.80 442.03 179.31 120.99 -5.1702 16.7937 2.40
4 car 902.48 439.21 155.10 113.35 3.8801 17.1389 2.02
5 car 477.38 450.94 69.33 60.20 -5.4066 30.1836 1.56
6 car 849.84 446.35 72.18 64.92 3.8397 27.4482 1.53
7 car 888.60 448.35 45.58 75.39 3.9150 24.1694 0.76
8 car 827.22 436.55 66.25 61.56 3.9333 34.6058 1.65
9 car 1319.97 358.80 116.99 61.07 -507.1663 -909.6387 -1718.39
