0 car 4.30 451.09 251.44 188.47 -4.7684 10.0723 2.06
1 car 229.99 458.18 164.73 111.30 -5.3370 15.9613 2.13
2 car 940.85 451.32 176.01 115.97 4.0453 14.9530 1.98
3 car 472.19 447.75 57.64 65.78 -5.4905 29.3111 1.26
4 car 371.70 439.17 118.93 97.41 -5.2994 21.8679 2.05
5 car 1287.62 516.05 153.38 240.90 3.4865 5.8178 0.67
6 car 865.93 439.58 110.09 89.38 3.7688 21.6572 1.89
7 car 508.35 448.69 57.84 52.48 -5.6602 35.5632 1.54
8 car 811.73 434.64 55.68 54.94 3.8592 40.7440 1.63
9 car 1192.20 362.40 241.96 91.83 33.5913 69.4799 0.75
