0 car 316.97 452.97 87.96 79.28 -6.8276 22.6265 1.65
1 car 803.73 441.60 110.53 81.83 2.5179 20.5734 1.79
2 car 3.32 439.65 222.25 186.24 -5.3921 10.9972 2.09
3 car 1190.99 482.29 246.44 291.81 3.0030 5.3519 0.97
4 car 931.68 371.12 475.65 260.22 3.5836 8.8694 3.08
5 car 201.09 451.91 134.30 107.86 -6.4001 17.1490 1.99
6 car 376.13 437.67 85.54 74.78 -7.2789 28.5035 2.11
7 car 759.48 435.59 72.67 69.18 1.7148 26.7718 1.52
8 bus 1350.30 359.28 90.70 56.35 58.1744 104.6703 -13.22
9 car 1355.06 361.34 83.13 52.24 58.1257 104.5180 -11.71
